,FTLE int=-1,FTLE int=-2,FTLE int=-3,FTLE int=-4,rhodot,rd 2km path,rhodot 5km path,rhodot 10km path,rhodot 15km path,rhodot 2km simulation,rhodot 5km simulation,rhodot 10km simulation,rhodot 15km simulation,s1,s1 2km path,s1 5km path,s1 10km path,s1 15km path,s1 2km simulation,s1 5km simulation,s1 10km simulation,s1 15km simulation
FTLE int=-1,1.0,0.8751928947423313,0.7573388078602985,0.7163527713790065,-0.3184091204927574,-0.3478887958198113,-0.3774406066237028,-0.31622089718799185,-0.22860783435733747,-0.37327700425129273,-0.39701192926362516,-0.34455519149032365,-0.26307149650254485,-0.6409965989441032,-0.6626020259705548,-0.6097328234398538,-0.5066411789593749,-0.4473739039065282,-0.6655472550958613,-0.622594698262785,-0.5057155121066551,-0.45227249596764646
FTLE int=-2,0.8751928947423313,1.0,0.9108878097537529,0.8577288676803909,-0.30330531874771566,-0.3157918760007995,-0.31828140233624586,-0.24293859816552435,-0.19282702946452773,-0.34110704072963155,-0.3403662216594801,-0.2749160468475932,-0.2271347186591246,-0.550271037770606,-0.5820647623466118,-0.5021233318124281,-0.3643725796990114,-0.3327080662345544,-0.6006670711995319,-0.5277608040797027,-0.3776885858330949,-0.35144535584822084
FTLE int=-3,0.7573388078602985,0.9108878097537529,1.0,0.9488215869357927,-0.1762306613941502,-0.1895104948609949,-0.2068415170737178,-0.13690856163678794,-0.10258037368824005,-0.22202905165049702,-0.2392077571382257,-0.17793779618701597,-0.14994432919044068,-0.44274515394558195,-0.4658598437081289,-0.3973965286298532,-0.2872003484084131,-0.2927320498686437,-0.4913973932091595,-0.4312630808354787,-0.3043162571599756,-0.31536782368636634
FTLE int=-4,0.7163527713790065,0.8577288676803909,0.9488215869357927,1.0,-0.2121656688429939,-0.21557080204443818,-0.2171874150424325,-0.14218865792291072,-0.10366825804095045,-0.2471903967076526,-0.24634042646067114,-0.18086828345352882,-0.14830529872421627,-0.441668791025351,-0.47297398758867126,-0.39110329489616447,-0.2613937232025563,-0.27095580295589283,-0.5021809389432808,-0.4259388084549031,-0.28052216851737716,-0.29585348304687753
rhodot,-0.3184091204927574,-0.30330531874771566,-0.1762306613941502,-0.2121656688429939,1.0,0.9553712382372074,0.8539133735501394,0.7897525785170318,0.7301942309803264,0.9311486244368539,0.8273561785710124,0.7808240609190471,0.7304194420954772,0.32664533449848515,0.3606574883596439,0.26152908420017545,0.16543353507468772,0.08517899919118913,0.3442224633514621,0.23665476110984557,0.13757989319049216,0.08242662603195311
rd 2km path,-0.3478887958198113,-0.3157918760007995,-0.1895104948609949,-0.21557080204443818,0.9553712382372074,1.0,0.9456801941956914,0.8146148221314679,0.7509878030118479,0.9806651496240247,0.922788001023013,0.8109285291811523,0.7645692493317675,0.3608719741678673,0.4253661870635158,0.3597322988405771,0.269645511296095,0.21947657813964785,0.40640981747313126,0.33557985745993424,0.24571203864343183,0.21454482264741934
rhodot 5km path,-0.3774406066237028,-0.31828140233624586,-0.2068415170737178,-0.2171874150424325,0.8539133735501394,0.9456801941956914,1.0,0.8655149270062878,0.7677566262352353,0.9352349897488674,0.9808888728339781,0.865323223300537,0.784134993890271,0.3207239835225838,0.39641415512790434,0.3962828604948272,0.3538317219434361,0.33483648036297825,0.37208693817781635,0.36759639223911145,0.3272574221877103,0.3241801485531699
rhodot 10km path,-0.31622089718799185,-0.24293859816552435,-0.13690856163678794,-0.14218865792291072,0.7897525785170318,0.8146148221314679,0.8655149270062878,1.0,0.9281172348299592,0.8043721903714194,0.8358660448012538,0.973884794529016,0.9016632043492152,0.2442458183796292,0.28017475457721214,0.31443353767047183,0.3364317198565633,0.27165311238371426,0.25217742162031503,0.27121793388356774,0.3006413574281273,0.24846330739708747
rhodot 15km path,-0.22860783435733747,-0.19282702946452773,-0.10258037368824005,-0.10366825804095045,0.7301942309803264,0.7509878030118479,0.7677566262352353,0.9281172348299592,1.0,0.7445449469061836,0.7381555002691695,0.9039723098647522,0.9554832025438382,0.23533634674797016,0.26011069368537304,0.2900671614803114,0.30337436778117727,0.26056052541248304,0.23163337637874565,0.23791930482809953,0.27015386163847727,0.22814719745727663
rhodot 2km simulation,-0.37327700425129273,-0.34110704072963155,-0.22202905165049702,-0.2471903967076526,0.9311486244368539,0.9806651496240247,0.9352349897488674,0.8043721903714194,0.7445449469061836,1.0,0.9444135985119988,0.8237934268291229,0.7834064467819309,0.3767462297770702,0.4440579022615959,0.37526912389168765,0.2869949662939181,0.25307804257923866,0.4352058051722197,0.3614045996125407,0.2737105654544898,0.2613460528488863
rhodot 5km simulation,-0.39701192926362516,-0.3403662216594801,-0.2392077571382257,-0.24634042646067114,0.8273561785710124,0.922788001023013,0.9808888728339781,0.8358660448012538,0.7381555002691695,0.9444135985119988,1.0,0.8698728070909705,0.7933885610530429,0.32037035528637503,0.39793672308684047,0.39044494934283897,0.35196786312381906,0.3505397147342386,0.38624125417420213,0.37893654664404186,0.3425724850833747,0.36092884807058245
rhodot 10km simulation,-0.34455519149032365,-0.2749160468475932,-0.17793779618701597,-0.18086828345352882,0.7808240609190471,0.8109285291811523,0.865323223300537,0.973884794529016,0.9039723098647522,0.8237934268291229,0.8698728070909705,1.0,0.9372561446666468,0.2441787634584085,0.2824230740451219,0.3019935768318805,0.32410719640664004,0.28163290507023764,0.26185451334571597,0.27271405181018105,0.3103445802105706,0.28692789924237894
rhodot 15km simulation,-0.26307149650254485,-0.2271347186591246,-0.14994432919044068,-0.14830529872421627,0.7304194420954772,0.7645692493317675,0.784134993890271,0.9016632043492152,0.9554832025438382,0.7834064467819309,0.7933885610530429,0.9372561446666468,1.0,0.24646230959961954,0.27487428238201445,0.2849670107981072,0.29590300144497045,0.2838890064037325,0.2574778124741927,0.25487369410814936,0.29306574933117724,0.2948398331601713
s1,-0.6409965989441032,-0.550271037770606,-0.44274515394558195,-0.441668791025351,0.32664533449848515,0.3608719741678673,0.3207239835225838,0.2442458183796292,0.23533634674797016,0.3767462297770702,0.32037035528637503,0.2441787634584085,0.24646230959961954,1.0,0.9389903233503691,0.837765377875567,0.676605069533516,0.589640677437119,0.9104837961389252,0.8207096737580629,0.6752329258308398,0.577228780769604
s1 2km path,-0.6626020259705548,-0.5820647623466118,-0.4658598437081289,-0.47297398758867126,0.3606574883596439,0.4253661870635158,0.39641415512790434,0.28017475457721214,0.26011069368537304,0.4440579022615959,0.39793672308684047,0.2824230740451219,0.27487428238201445,0.9389903233503691,1.0,0.9317179351135239,0.742268450624702,0.6438562723962992,0.9798401695596782,0.9170662287502266,0.7391035956834913,0.626803969087321
s1 5km path,-0.6097328234398538,-0.5021233318124281,-0.3973965286298532,-0.39110329489616447,0.26152908420017545,0.3597322988405771,0.3962828604948272,0.31443353767047183,0.2900671614803114,0.37526912389168765,0.39044494934283897,0.3019935768318805,0.2849670107981072,0.837765377875567,0.9317179351135239,1.0,0.8976122403571958,0.7894303555659558,0.9158312945737136,0.979993978132026,0.887407723494315,0.7600867073270886
s1 10km path,-0.5066411789593749,-0.3643725796990114,-0.2872003484084131,-0.2613937232025563,0.16543353507468772,0.269645511296095,0.3538317219434361,0.3364317198565633,0.30337436778117727,0.2869949662939181,0.35196786312381906,0.32410719640664004,0.29590300144497045,0.676605069533516,0.742268450624702,0.8976122403571958,1.0,0.9084717822520886,0.7285860293216307,0.8805701399843033,0.9783816658529113,0.8639531043545606
s1 15km path,-0.4473739039065282,-0.3327080662345544,-0.2927320498686437,-0.27095580295589283,0.08517899919118913,0.21947657813964785,0.33483648036297825,0.27165311238371426,0.26056052541248304,0.25307804257923866,0.3505397147342386,0.28163290507023764,0.2838890064037325,0.589640677437119,0.6438562723962992,0.7894303555659558,0.9084717822520886,1.0,0.6367817273938415,0.7876722189987814,0.9074821781604239,0.9648170353811744
s1 2km simulation,-0.6655472550958613,-0.6006670711995319,-0.4913973932091595,-0.5021809389432808,0.3442224633514621,0.40640981747313126,0.37208693817781635,0.25217742162031503,0.23163337637874565,0.4352058051722197,0.38624125417420213,0.26185451334571597,0.2574778124741927,0.9104837961389252,0.9798401695596782,0.9158312945737136,0.7285860293216307,0.6367817273938415,1.0,0.9358791384619597,0.74638728126522,0.6438458811867975
s1 5km simulation,-0.622594698262785,-0.5277608040797027,-0.4312630808354787,-0.4259388084549031,0.23665476110984557,0.33557985745993424,0.36759639223911145,0.27121793388356774,0.23791930482809953,0.3614045996125407,0.37893654664404186,0.27271405181018105,0.25487369410814936,0.8207096737580629,0.9170662287502266,0.979993978132026,0.8805701399843033,0.7876722189987814,0.9358791384619597,1.0,0.9000853694458392,0.7914700081639391
s1 10km simulation,-0.5057155121066551,-0.3776885858330949,-0.3043162571599756,-0.28052216851737716,0.13757989319049216,0.24571203864343183,0.3272574221877103,0.3006413574281273,0.27015386163847727,0.2737105654544898,0.3425724850833747,0.3103445802105706,0.29306574933117724,0.6752329258308398,0.7391035956834913,0.887407723494315,0.9783816658529113,0.9074821781604239,0.74638728126522,0.9000853694458392,1.0,0.909109739536609
s1 15km simulation,-0.45227249596764646,-0.35144535584822084,-0.31536782368636634,-0.29585348304687753,0.08242662603195311,0.21454482264741934,0.3241801485531699,0.24846330739708747,0.22814719745727663,0.2613460528488863,0.36092884807058245,0.28692789924237894,0.2948398331601713,0.577228780769604,0.626803969087321,0.7600867073270886,0.8639531043545606,0.9648170353811744,0.6438458811867975,0.7914700081639391,0.909109739536609,1.0
,FTLE int=-1,FTLE int=-2,FTLE int=-3,FTLE int=-4,rhodot,rd 2km path,rhodot 5km path,rhodot 10km path,rhodot 15km path,rhodot 2km simulation,rhodot 5km simulation,rhodot 10km simulation,rhodot 15km simulation,s1,s1 2km path,s1 5km path,s1 10km path,s1 15km path,s1 2km simulation,s1 5km simulation,s1 10km simulation,s1 15km simulation
count,2254.0,2254.0,2254.0,2254.0,2254.0,2254.0,2254.0,2254.0,2254.0,2254.0,2254.0,2254.0,2254.0,2254.0,2254.0,2254.0,2254.0,2254.0,2254.0,2254.0,2254.0,2254.0
mean,0.22738491792621326,0.16364645256228852,0.13706886216654127,0.1237544361450014,-0.04712606738158578,-0.045950170935551725,-0.019445523653960343,-0.001334910512916818,-0.008641897703927377,-0.044624981742282674,-0.02066582974735493,-0.0016756881784843326,-0.009915988918307687,-0.3751720264865866,-0.3592127505423191,-0.29095115110067044,-0.19605779634734974,-0.1594679180779448,-0.3348773375764954,-0.2757097408605547,-0.18525152423998895,-0.1504836261484373
std,0.266517922645874,0.20843714948108097,0.17064202150697658,0.1485598736593074,0.3077946420669452,0.2738966946482292,0.219484101447945,0.15814704553220008,0.13215572878033965,0.24232216043064128,0.19657002941106752,0.14341037499576884,0.12213301421321819,0.2954291235184062,0.2862375022676483,0.22218556063209807,0.13075841975945132,0.10512191559851108,0.2607429187314216,0.20251254198059038,0.12199791840810958,0.10160088686244133
min,-0.2685549379460269,-0.12971641697841368,-0.13272612553933408,-0.12450627089354176,-1.0986068992564613,-1.2333004395328369,-1.190255727445916,-0.5411327476773672,-0.4202010973343519,-1.0351310776048,-1.0063714891037965,-0.4706735509496825,-0.4241065173442234,-1.9996748308493129,-1.9325958748640515,-1.484959243740775,-0.8671989107651009,-0.6695557914242924,-1.8310669079248278,-1.260364676299403,-0.7993156652475276,-0.6152480280971949
25%,0.0584686821237043,0.04117192575772211,0.027547286737969693,0.03232040681209279,-0.24074372141547412,-0.21522004222065186,-0.14544916659934032,-0.10031601777598849,-0.08672966223590892,-0.1907521237218941,-0.13454170432826768,-0.09099742004793798,-0.0862916806789511,-0.45683635666916667,-0.43475669979501863,-0.3596751538954352,-0.2505517691662913,-0.20812193691676736,-0.39287128799600257,-0.34092213793616044,-0.2365385491412911,-0.1899781377318362
50%,0.1742656513095688,0.1113866764781001,0.09388417389437077,0.08637441912068884,-0.04618590267404638,-0.043993023682810564,-0.01166754028548676,0.00012935815389731936,-0.017256084611361598,-0.040192928401584685,-0.010140952498185937,0.003655341450907795,-0.018618075631268317,-0.3273279009980804,-0.301099118006242,-0.2535612045219501,-0.17329880603988312,-0.1361390998778667,-0.2813552622893384,-0.2418603653997165,-0.1656383795440486,-0.12943642213703338
75%,0.3181097216543197,0.21552365678635138,0.19159259426632583,0.17811639593194423,0.12440549806767275,0.11904479050515748,0.11753715716444048,0.08819607439281815,0.058745288855487326,0.11425677386203026,0.10916074348748976,0.08699197101815596,0.06176278287002845,-0.2094233805073393,-0.20869703799409592,-0.1687723732613795,-0.11380089937509376,-0.09067824034078678,-0.20252355163366523,-0.16417116425689943,-0.1087292549487462,-0.08800152561101243
max,1.452177532327258,1.3436701713515733,0.98916222479709,0.8869545143572917,0.9773831761852962,0.9130730596655303,0.7315865211205457,0.5596015327474138,0.49630337702481453,0.7806040408687751,0.6337817616251002,0.49360118534979736,0.40341422368621027,0.2954138265302201,0.15512767423421672,0.2267584031107062,0.06652593824128632,0.027638398025757186,0.1353011650724173,0.14229225391979686,0.08242526543107308,0.04542032621624827
,rhodot,2km path,5km path,10km path,15km path,2km simulation,5km simulation,10km simulation,15km simulation
rhodot,1.0,0.9553712382372074,0.8539133735501394,0.7897525785170318,0.7301942309803264,0.9311486244368539,0.8273561785710124,0.7808240609190471,0.7304194420954772
2km path,0.9553712382372074,1.0,0.9456801941956914,0.8146148221314679,0.7509878030118479,0.9806651496240247,0.922788001023013,0.8109285291811523,0.7645692493317675
5km path,0.8539133735501394,0.9456801941956914,1.0,0.8655149270062878,0.7677566262352353,0.9352349897488674,0.9808888728339781,0.865323223300537,0.784134993890271
10km path,0.7897525785170318,0.8146148221314679,0.8655149270062878,1.0,0.9281172348299592,0.8043721903714194,0.8358660448012538,0.973884794529016,0.9016632043492152
15km path,0.7301942309803264,0.7509878030118479,0.7677566262352353,0.9281172348299592,1.0,0.7445449469061836,0.7381555002691695,0.9039723098647522,0.9554832025438382
2km simulation,0.9311486244368539,0.9806651496240247,0.9352349897488674,0.8043721903714194,0.7445449469061836,1.0,0.9444135985119988,0.8237934268291229,0.7834064467819309
5km simulation,0.8273561785710124,0.922788001023013,0.9808888728339781,0.8358660448012538,0.7381555002691695,0.9444135985119988,1.0,0.8698728070909705,0.7933885610530429
10km simulation,0.7808240609190471,0.8109285291811523,0.865323223300537,0.973884794529016,0.9039723098647522,0.8237934268291229,0.8698728070909705,1.0,0.9372561446666468
15km simulation,0.7304194420954772,0.7645692493317675,0.784134993890271,0.9016632043492152,0.9554832025438382,0.7834064467819309,0.7933885610530429,0.9372561446666468,1.0
,rhodot,2km path,5km path,10km path,15km path,2km simulation,5km simulation,10km simulation,15km simulation
count,2254.0,2254.0,2254.0,2254.0,2254.0,2254.0,2254.0,2254.0,2254.0
mean,-0.04712606738158578,-0.045950170935551725,-0.019445523653960343,-0.001334910512916818,-0.008641897703927377,-0.044624981742282674,-0.02066582974735493,-0.0016756881784843326,-0.009915988918307687
std,0.3077946420669452,0.2738966946482292,0.219484101447945,0.15814704553220008,0.13215572878033965,0.24232216043064128,0.19657002941106752,0.14341037499576884,0.12213301421321819
min,-1.0986068992564613,-1.2333004395328369,-1.190255727445916,-0.5411327476773672,-0.4202010973343519,-1.0351310776048,-1.0063714891037965,-0.4706735509496825,-0.4241065173442234
25%,-0.24074372141547412,-0.21522004222065186,-0.14544916659934032,-0.10031601777598849,-0.08672966223590892,-0.1907521237218941,-0.13454170432826768,-0.09099742004793798,-0.0862916806789511
50%,-0.04618590267404638,-0.043993023682810564,-0.01166754028548676,0.00012935815389731936,-0.017256084611361598,-0.040192928401584685,-0.010140952498185937,0.003655341450907795,-0.018618075631268317
75%,0.12440549806767275,0.11904479050515748,0.11753715716444048,0.08819607439281815,0.058745288855487326,0.11425677386203026,0.10916074348748976,0.08699197101815596,0.06176278287002845
max,0.9773831761852962,0.9130730596655303,0.7315865211205457,0.5596015327474138,0.49630337702481453,0.7806040408687751,0.6337817616251002,0.49360118534979736,0.40341422368621027
,s1,2km path,5km path,10km path,15km path,2km simulation,5km simulation,10km simulation,15km simulation
s1,1.0,0.9389903233503691,0.837765377875567,0.676605069533516,0.589640677437119,0.9104837961389252,0.8207096737580629,0.6752329258308398,0.577228780769604
2km path,0.9389903233503691,1.0,0.9317179351135239,0.742268450624702,0.6438562723962992,0.9798401695596782,0.9170662287502266,0.7391035956834913,0.626803969087321
5km path,0.837765377875567,0.9317179351135239,1.0,0.8976122403571958,0.7894303555659558,0.9158312945737136,0.979993978132026,0.887407723494315,0.7600867073270886
10km path,0.676605069533516,0.742268450624702,0.8976122403571958,1.0,0.9084717822520886,0.7285860293216307,0.8805701399843033,0.9783816658529113,0.8639531043545606
15km path,0.589640677437119,0.6438562723962992,0.7894303555659558,0.9084717822520886,1.0,0.6367817273938415,0.7876722189987814,0.9074821781604239,0.9648170353811744
2km simulation,0.9104837961389252,0.9798401695596782,0.9158312945737136,0.7285860293216307,0.6367817273938415,1.0,0.9358791384619597,0.74638728126522,0.6438458811867975
5km simulation,0.8207096737580629,0.9170662287502266,0.979993978132026,0.8805701399843033,0.7876722189987814,0.9358791384619597,1.0,0.9000853694458392,0.7914700081639391
10km simulation,0.6752329258308398,0.7391035956834913,0.887407723494315,0.9783816658529113,0.9074821781604239,0.74638728126522,0.9000853694458392,1.0,0.909109739536609
15km simulation,0.577228780769604,0.626803969087321,0.7600867073270886,0.8639531043545606,0.9648170353811744,0.6438458811867975,0.7914700081639391,0.909109739536609,1.0
,s1,2km path,5km path,10km path,15km path,2km simulation,5km simulation,10km simulation,15km simulation
count,2254.0,2254.0,2254.0,2254.0,2254.0,2254.0,2254.0,2254.0,2254.0
mean,-0.3751720264865866,-0.3592127505423191,-0.29095115110067044,-0.19605779634734974,-0.1594679180779448,-0.3348773375764954,-0.2757097408605547,-0.18525152423998895,-0.1504836261484373
std,0.2954291235184062,0.2862375022676483,0.22218556063209807,0.13075841975945132,0.10512191559851108,0.2607429187314216,0.20251254198059038,0.12199791840810958,0.10160088686244133
min,-1.9996748308493129,-1.9325958748640515,-1.484959243740775,-0.8671989107651009,-0.6695557914242924,-1.8310669079248278,-1.260364676299403,-0.7993156652475276,-0.6152480280971949
25%,-0.45683635666916667,-0.43475669979501863,-0.3596751538954352,-0.2505517691662913,-0.20812193691676736,-0.39287128799600257,-0.34092213793616044,-0.2365385491412911,-0.1899781377318362
50%,-0.3273279009980804,-0.301099118006242,-0.2535612045219501,-0.17329880603988312,-0.1361390998778667,-0.2813552622893384,-0.2418603653997165,-0.1656383795440486,-0.12943642213703338
75%,-0.2094233805073393,-0.20869703799409592,-0.1687723732613795,-0.11380089937509376,-0.09067824034078678,-0.20252355163366523,-0.16417116425689943,-0.1087292549487462,-0.08800152561101243
max,0.2954138265302201,0.15512767423421672,0.2267584031107062,0.06652593824128632,0.027638398025757186,0.1353011650724173,0.14229225391979686,0.08242526543107308,0.04542032621624827
,FTLE int=-1,FTLE int=-2,FTLE int=-3,FTLE int=-4
FTLE int=-1,1.0,0.8751928947423313,0.7573388078602985,0.7163527713790065
FTLE int=-2,0.8751928947423313,1.0,0.9108878097537529,0.8577288676803909
FTLE int=-3,0.7573388078602985,0.9108878097537529,1.0,0.9488215869357927
FTLE int=-4,0.7163527713790065,0.8577288676803909,0.9488215869357927,1.0
,FTLE int=-1,FTLE int=-2,FTLE int=-3,FTLE int=-4
count,2254.0,2254.0,2254.0,2254.0
mean,0.22738491792621326,0.16364645256228852,0.13706886216654127,0.1237544361450014
std,0.266517922645874,0.20843714948108097,0.17064202150697658,0.1485598736593074
min,-0.2685549379460269,-0.12971641697841368,-0.13272612553933408,-0.12450627089354176
25%,0.0584686821237043,0.04117192575772211,0.027547286737969693,0.03232040681209279
50%,0.1742656513095688,0.1113866764781001,0.09388417389437077,0.08637441912068884
75%,0.3181097216543197,0.21552365678635138,0.19159259426632583,0.17811639593194423
max,1.452177532327258,1.3436701713515733,0.98916222479709,0.8869545143572917
